1330931776202698757
1331335564235321346
1329887503206248448
1329510045835554817
1328769376334598145
1328761551860490240
1333222444216299520
1334448115001270272
1335541811666952192
1335898501436350464
1336307486681403393
1336450273594716164
1336380811323568128
1336375322611232771
1336375192017395712
1336375068469944321
1336374713636040705
1336374403232374795
1330931776202698757
1331335564235321346
1329887503206248448
1329510045835554817
1328769376334598145
1328761551860490240
1333222444216299520
1334448115001270272
1335541811666952192
1335898501436350464
1336307486681403393
1336450273594716164
1336380811323568128
1336375322611232771
1336375192017395712
1336375068469944321
1336374713636040705
1336374403232374795
1338121869812240385
1337890130657497090
1338547602460205058
1338577991291596801
1338901165636005891
1338528284993335298
1338679450318368770
1339682842931019780
1339607884557070339
1339987761617653761
1341451852248981505
